# sec(z), Tsys/Tatm, Tr
1.06418 0.13538 31.22771
1.06486 0.14561 34.29499
1.06554 0.12583 28.35619
1.06622 0.12201 27.20496
1.06691 0.15101 35.90050
1.06761 0.17925 44.36895
1.06831 0.09481 19.03227
1.06901 0.13892 32.26151
1.06972 0.08457 15.95219
1.07043 0.13829 32.06312
1.07114 0.16421 39.83488
1.07186 0.14006 32.58592
1.07259 0.16390 39.73560
1.07332 0.11221 24.22441
1.07405 0.11363 24.64371
1.07479 0.09399 18.74921
1.07553 0.13220 30.20747
1.07627 0.17220 42.20162
1.07702 0.12372 27.65409
1.07778 0.16420 39.79358
1.07853 0.08785 16.88313
1.07930 0.10529 22.10982
1.08006 0.12577 28.25079
1.08084 0.10927 23.29657
1.08161 0.12181 27.05401
1.08239 0.13162 29.99190
1.08318 0.11856 26.06951
1.08397 0.07255 12.26111
1.08476 0.13080 29.73284
1.08556 0.16033 38.58672
1.08636 0.17122 41.84846
1.08717 0.11863 26.06545
1.08798 0.08698 16.56475
1.08880 0.15467 36.86932
1.08962 0.10370 21.57152
1.09044 0.12484 27.90979
1.09127 0.10172 20.96695
1.09211 0.13536 31.05610
1.09294 0.16510 39.97336
1.09379 0.07492 12.91436
1.09464 0.07776 13.75890
1.09549 0.16911 41.15872
1.09635 0.14338 33.43561
1.09721 0.10609 22.24307
1.09808 0.13571 31.12324
1.09895 0.12433 27.70412
1.09982 0.16816 40.84858
1.10071 0.11979 26.33336
1.10159 0.14476 33.81850
1.10248 0.13559 31.06088
1.10338 0.17373 42.49969
1.10428 0.13413 30.61380
1.10518 0.12951 29.22111
1.10609 0.15208 35.98726
1.10701 0.15302 36.26450
1.10793 0.17311 42.28520
1.10885 0.16164 38.83904
1.10978 0.11404 24.55281
1.11072 0.16866 40.93388
1.11166 0.06345 9.36619
1.11260 0.14363 33.41318
1.11355 0.12097 26.60899
1.11451 0.15663 37.30076
1.11547 0.10152 20.76335
1.11643 0.15972 38.21748
1.11740 0.09010 17.32702
1.11838 0.13184 29.84287
1.11936 0.12072 26.49876
1.12034 0.13139 29.69396
1.12133 0.12660 28.25333
1.12233 0.11038 23.37859
1.12333 0.20515 51.80528
1.12433 0.13924 32.02655
1.12534 0.18015 44.29310
1.12636 0.13206 29.86083
1.12738 0.13821 31.69980
1.12841 0.11591 25.00314
1.12944 0.18220 44.88336
1.13048 0.16429 39.50479
1.13152 0.12854 28.77238
1.13257 0.14086 32.46260
1.13362 0.20172 50.71484
1.13468 0.14141 32.61388
1.13575 0.08223 14.85412
1.13682 0.14925 34.95480
1.13789 0.13448 30.51522
1.13897 0.17354 42.22959
1.14006 0.17079 41.39724
1.14115 0.15574 36.87404
1.14225 0.12636 28.05547
1.14335 0.11799 25.53665
1.14446 0.11969 26.03927
1.14558 0.20919 52.88415
1.14670 0.10805 22.53521
1.14782 0.14431 33.40653
1.14896 0.11126 23.48367
1.15009 0.09802 19.50602
1.15124 0.11947 25.93415
1.15239 0.11928 25.86843
1.15354 0.08542 15.70526
1.15470 0.06726 10.24848
1.15587 0.13867 31.66567
1.15704 0.18379 45.19538
1.15822 0.11322 24.01681
1.15940 0.12745 28.27717
1.16059 0.07407 12.25663
1.16179 0.09464 18.42049
1.16299 0.11137 23.43190
1.16420 0.09670 19.02592
1.16541 0.13820 31.46766
1.16663 0.09683 19.04859
1.16786 0.13761 31.27507
1.16909 0.13609 30.81304
1.17033 0.18937 46.78860
1.17158 0.18759 46.24899
1.17283 0.13137 29.37475
1.17409 0.10089 20.22171
1.17535 0.12729 28.13441
1.17662 0.07153 11.39937
1.17790 0.15057 35.10448
1.17918 0.15944 37.75632
1.18047 0.12753 28.17740
1.18176 0.12621 27.77329
1.18307 0.20153 50.35994
1.18437 0.13523 30.46205
1.18569 0.15637 36.79772
1.18701 0.11365 23.97177
1.18834 0.08087 14.13089
1.18967 0.13295 29.74614
1.19102 0.15970 37.76267
1.19236 0.17833 43.34463
1.19372 0.12605 27.65270
1.19508 0.07441 12.15135
1.19645 0.15969 37.72947
1.19782 0.15190 35.38238
1.19920 0.14662 33.78947
1.20059 0.19261 47.58040
1.20199 0.10612 21.62304
1.20339 0.13167 29.28053
1.20480 0.12397 26.96094
1.20622 0.10131 20.15556
1.20764 0.08313 14.69387
1.20907 0.07694 12.82777
1.21051 0.11844 25.26797
1.21195 0.11677 24.75936
1.21341 0.15617 36.57038
1.21487 0.11462 24.09733
1.21633 0.10599 21.49901
1.21781 0.18693 45.77305
1.21929 0.17376 41.81281
1.22077 0.17478 42.11013
1.22227 0.09617 18.51849
1.22377 0.08846 16.19558
1.22528 0.14166 32.14527
1.22680 0.11481 24.08351
1.22833 0.13426 29.90886
1.22986 0.06378 8.75513
1.23140 0.14406 32.83042
1.23295 0.12939 28.41840
1.23450 0.13632 30.48889
1.23607 0.12841 28.10730
1.23764 0.14071 31.78803
1.23922 0.14387 32.72645
1.24081 0.16741 39.77730
1.24240 0.11075 22.77017
1.24400 0.07153 10.99358
1.24561 0.14909 34.25462
1.24723 0.14331 32.50880
1.24886 0.16188 38.07109
1.25049 0.12939 28.31425
1.25214 0.11279 23.32479
1.25379 0.11539 24.09415
1.25545 0.14218 32.12216
1.25711 0.18007 43.47829
1.25879 0.06541 9.07125
1.26047 0.15067 34.63841
1.26216 0.07160 10.90704
1.26387 0.13854 30.97780
1.26557 0.17221 41.06962
1.26729 0.19566 48.09482
1.26902 0.11226 23.06412
1.27075 0.19709 48.50371
1.27250 0.10160 19.84439
1.27425 0.10169 19.86142
1.27601 0.16973 40.26258
1.27778 0.11633 24.23084
1.27956 0.15511 35.85713
1.28134 0.13934 31.11542
1.28314 0.11575 24.02515
1.28495 0.11131 22.68424
1.28676 0.13432 29.57502
1.28858 0.13585 30.02202
1.29042 0.13068 28.46241
1.29226 0.18257 44.01866
1.29411 0.06869 9.84141
1.29597 0.08743 15.45398
1.29784 0.13527 29.79322
1.29971 0.13518 29.75456
1.30160 0.08557 14.86204
1.30350 0.14054 31.33985
1.30541 0.12577 26.89930
1.30732 0.11996 25.14408
1.30925 0.17068 40.34867
1.31119 0.14564 32.82524
1.31313 0.16098 37.41533
1.31509 0.08037 13.22081
1.31705 0.15702 36.20490
1.31903 0.12928 27.87113
1.32101 0.16322 38.04139
1.32301 0.13485 29.51746
1.32501 0.17130 40.44022
1.32703 0.13673 30.05580
1.32905 0.15345 35.06203
1.33109 0.06972 9.92882
1.33314 0.19660 47.98159
1.33519 0.14310 31.91951
1.33726 0.10381 20.11988
1.33934 0.13877 30.59361
1.34142 0.17217 40.60385
1.34352 0.10556 20.60771
1.34563 0.13825 30.40236
1.34775 0.09638 17.82675
1.34988 0.18381 44.04237
1.35203 0.14132 31.28287
1.35418 0.11059 22.05084
1.35634 0.16946 39.70101
1.35852 0.21118 52.20231
1.36070 0.11426 23.11315
1.36290 0.13492 29.29803
1.36511 0.15842 36.33494
1.36733 0.14443 32.12398
1.36956 0.20336 49.79042
1.37180 0.14272 31.58543
1.37406 0.08169 13.26368
1.37632 0.16335 37.74564
1.37860 0.18037 42.84011
1.38089 0.14256 31.48317
1.38319 0.17827 42.18298
1.38550 0.13155 28.15238
1.38783 0.20775 50.99851
1.39016 0.17098 39.95356
1.39251 0.14535 32.25110
1.39487 0.11581 23.37260
1.39725 0.15775 35.94086
1.39963 0.20911 51.33483
1.40203 0.16245 37.32316
1.40444 0.14335 31.57951
1.40687 0.14164 31.05140
1.40930 0.20130 48.93567
1.41175 0.11501 23.03189
1.41421 0.21913 54.25258
1.41669 0.12019 24.55680
1.41918 0.11587 23.24712
1.42168 0.13986 30.42738
1.42419 0.10754 20.71664
1.42672 0.10853 20.99791
1.42926 0.09879 18.06278
1.43181 0.05894 6.09046
1.43438 0.17509 40.92124
1.43696 0.15444 34.71111
1.43956 0.10496 19.84943
1.44217 0.11408 22.56982
1.44479 0.24661 62.31466
1.44742 0.13669 29.32116
1.45007 0.09151 15.75173
1.45274 0.10723 20.45149
1.45542 0.11863 23.85516
1.45811 0.10996 21.23977
1.46082 0.10132 18.63055
1.46354 0.10700 20.31926
1.46628 0.18672 44.21703
1.46903 0.14760 32.46704
1.47180 0.15985 36.12527
1.47458 0.17858 41.72584
1.47738 0.13653 29.09430
1.48019 0.12762 26.40458
1.48301 0.10491 19.57342
1.48586 0.10738 20.29846
1.48871 0.13540 28.68712
1.49159 0.18452 43.40584
1.49448 0.15537 34.64481
1.49738 0.12981 26.95831
1.50030 0.18495 43.48393
1.50324 0.09377 16.11084
1.50619 0.16569 37.66896
1.50916 0.16232 36.64139
1.51215 0.16081 36.16956
1.51515 0.12567 25.61089
1.51817 0.09284 15.74186
1.52120 0.11614 22.71527
1.52425 0.12039 23.97067
1.52732 0.12408 25.05903
1.53041 0.06788 8.18043
1.53351 0.13892 29.47639
1.53663 0.14402 30.98593
1.53977 0.14070 29.97258
1.54292 0.07030 8.83312
1.54610 0.14381 30.86765
1.54929 0.19290 45.57445
1.55250 0.23436 57.99321
1.55572 0.12866 26.26494
1.55897 0.19164 45.13842
1.56223 0.20258 48.40149
1.56551 0.20408 48.83111
1.56881 0.15709 34.71372
1.57213 0.14934 32.36820
1.57547 0.12780 25.88683
1.57883 0.12327 24.50921
1.58221 0.11782 22.85364
1.58560 0.14741 31.70936
1.58902 0.13947 29.30646
1.59245 0.18742 43.67000
1.59590 0.14058 29.59931
1.59938 0.13452 27.76045
1.60287 0.15038 32.49617
1.60639 0.13501 27.86605
1.60992 0.06403 6.55026
1.61348 0.15772 34.63583
1.61705 0.20419 48.55363
1.62065 0.22037 53.38725
1.62427 0.14599 31.05193
1.62791 0.18076 41.46177
1.63157 0.14501 30.71230
1.63525 0.10835 19.69476
1.63895 0.17596 39.95404
1.64268 0.20089 47.41118
1.64643 0.12835 25.62561
1.65020 0.15322 33.06553
1.65399 0.13507 27.59692
1.65780 0.12853 25.61341
1.66164 0.18787 43.38992
1.66550 0.14213 29.64689
1.66938 0.16932 37.77939
1.67329 0.17973 40.87799
1.67722 0.20795 49.32083
1.68117 0.16165 35.40714
1.68515 0.18865 43.48282
1.68915 0.14713 31.00507
1.69318 0.13412 27.07759
1.69723 0.10269 17.62302
1.70130 0.11022 19.85762
1.70540 0.13171 26.28019
1.70953 0.14269 29.54883
1.71368 0.10595 18.50437
1.71785 0.11564 21.38453
1.72205 0.11034 19.76922
1.72628 0.13299 26.54006
1.73053 0.20445 47.95283
1.73481 0.12038 22.70494
1.73911 0.08863 13.15544
1.74345 0.12079 22.77764
1.74781 0.16302 35.42055
1.75219 0.19492 44.96355
1.75661 0.15493 32.93833
1.76105 0.15454 32.79503
1.76552 0.10105 16.72192
1.77001 0.22214 53.02227
1.77454 0.10095 16.63711
1.77910 0.08853 12.88568
1.78368 0.09480 14.73852
1.78829 0.16449 35.61855
1.79293 0.20644 48.17387
1.79761 0.16105 34.52858
1.80231 0.12839 24.70204
1.80704 0.17431 38.45151
1.81180 0.17545 38.76498
1.81659 0.17188 37.66308
1.82142 0.20711 48.20480
1.82627 0.13794 27.42454
1.83116 0.17044 37.14458
1.83608 0.09382 14.12834
1.84103 0.15932 33.74897
1.84601 0.17651 38.87789
1.85103 0.10994 18.87499
1.85608 0.13516 26.41081
1.86116 0.07835 9.33863
1.86627 0.21910 51.53311
1.87142 0.19583 44.52005
1.87661 0.13629 26.62614
1.88183 0.17627 38.59023
1.88708 0.12050 21.82863
1.89237 0.18460 41.02623
1.89769 0.19448 43.95762
1.90305 0.15175 31.10534
1.90845 0.12100 21.84931
1.91388 0.18516 41.06476
1.91935 0.11884 21.13487
1.92486 0.16009 33.47723
1.93040 0.11693 20.49748
1.93598 0.18859 41.96147
1.94160 0.17396 37.53751
1.94726 0.15456 31.68461
1.95296 0.11679 20.32022
1.95870 0.17302 37.15364
1.96448 0.12515 22.75771
1.97029 0.19640 44.09767
1.97615 0.13689 26.21023
1.98205 0.17010 36.13811
1.98799 0.15701 32.17645
1.99398 0.15814 32.47962
2.00000 0.15253 30.75996
2.00607 0.14767 29.26399
2.01218 0.16298 33.82123
2.01833 0.07067 6.08985
2.02453 0.19081 42.09656
2.03077 0.09821 14.27742
2.03706 0.14334 27.77995
2.04339 0.06752 4.99468
2.04977 0.07093 5.97889
2.05619 0.20812 47.09941
2.06267 0.12815 23.06861
2.06918 0.10748 16.82911
2.07575 0.15515 31.08995
2.08236 0.21540 49.12664
2.08903 0.12942 23.29152
2.09574 0.13465 24.82187
2.10250 0.10706 16.50186
2.10931 0.10562 16.02883
2.11617 0.20168 44.80782
2.12309 0.14772 28.57750
2.13005 0.11350 18.26938
2.13707 0.17898 37.87108
2.14414 0.11767 19.43628
2.15127 0.14890 28.76255
2.15845 0.16489 33.51687
2.16568 0.15886 31.66504
2.17297 0.19622 42.82864
2.18031 0.15929 31.70588
2.18772 0.16993 34.85247
2.19517 0.17348 35.87438
2.20269 0.20860 46.36510
2.21026 0.10713 15.87674
2.21790 0.17533 36.29108
2.22559 0.17104 34.95922
2.23334 0.12545 21.23496
2.24116 0.15128 28.93688
2.24903 0.15457 29.87727
2.25697 0.15859 31.03382
2.26498 0.15190 28.98062
2.27304 0.11349 17.41010
2.28117 0.17536 35.92180
2.28937 0.16100 31.56498
2.29763 0.17036 34.32335
2.30596 0.20615 45.00800
2.31436 0.18800 39.51362
2.32282 0.17676 36.08972
2.33135 0.15080 28.25188
2.33996 0.16963 33.84912
2.34863 0.17239 34.62425
2.35738 0.14821 27.31962
2.36620 0.18172 37.32023
2.37509 0.17347 34.78902
2.38406 0.20612 44.53097
2.39311 0.14408 25.86633
2.40222 0.14327 25.56815
2.41142 0.09693 11.60983
2.42070 0.17555 35.14046
2.43005 0.16956 33.28864
2.43948 0.09641 11.28490
2.44900 0.14069 24.51206
2.45859 0.18419 37.50454
2.46827 0.16994 33.17267
2.47804 0.14235 24.83686
2.48789 0.13879 23.71054
2.49782 0.16582 31.76050
2.50784 0.17832 35.44910
2.51795 0.18312 36.82773
2.52815 0.17295 33.71717
2.53845 0.15237 27.47930
2.54883 0.15061 26.89138
2.55930 0.16040 29.76463
2.56988 0.17075 32.80636
2.58054 0.14132 23.91404
2.59130 0.13929 23.23865
2.60217 0.14761 25.66893
2.61313 0.19844 40.85385
2.62419 0.16021 29.31862
2.63535 0.14809 25.61533
2.64662 0.16869 31.72870
2.65799 0.20900 43.75115
2.66947 0.19871 40.59619
2.68105 0.14030 23.00310
2.69275 0.12546 18.48029
2.70455 0.12944 19.60386
2.71647 0.22734 48.90300
2.72850 0.16795 31.01334
2.74065 0.20668 42.56015
2.75292 0.14696 24.57048
2.76530 0.17724 33.57917
2.77780 0.12300 17.23448
2.79043 0.13435 20.56137
2.80318 0.12391 17.35502
2.81605 0.17857 33.67378
2.82906 0.13439 20.34244
2.84219 0.18289 34.81298
2.85545 0.20242 40.59415
2.86885 0.13522 20.35206
2.88238 0.21125 43.08204
2.89605 0.19862 39.20868
2.90986 0.14931 24.33279
2.92380 0.15075 24.68366
2.93790 0.16127 27.75344
2.95213 0.17163 30.77616
2.96652 0.17008 30.22446
2.98106 0.26128 57.49859
2.99574 0.15650 25.97685
3.01059 0.17694 32.01878
3.02559 0.22574 46.56719
3.04075 0.16470 28.16495
3.05607 0.17980 32.60340
3.07155 0.20133 38.96820
3.08721 0.20050 38.62726
3.10303 0.18873 34.99945
3.11903 0.17272 30.10311
3.13520 0.19498 36.68188
3.15155 0.11781 13.43261
3.16808 0.20664 39.98498
3.18479 0.14670 21.90130
3.20169 0.14937 22.60131
3.21878 0.17989 31.65345
3.23607 0.19634 36.48498
3.25355 0.20010 37.50957
3.27123 0.15107 22.69374
3.28912 0.23401 47.46778
3.30721 0.20640 39.07760
3.32551 0.17110 28.37813
3.34403 0.19498 35.42898
3.36276 0.10366 7.92129
3.38171 0.12702 14.81424
3.40089 0.16356 25.66330
3.42030 0.10593 8.25842
3.43995 0.11838 11.87493
3.45983 0.22634 44.14365
3.47995 0.15030 21.21161
3.50032 0.16197 24.59028
3.52094 0.19782 35.21908
3.54181 0.19500 34.25005
3.56294 0.16388 24.78765
3.58434 0.15251 21.24672
3.60601 0.11890 11.03377
3.62796 0.13617 16.08289
3.65018 0.17958 28.97252
3.67269 0.23453 45.32290
3.69549 0.21617 39.67742
3.71858 0.16333 23.68780
3.74198 0.19806 33.96494
3.76568 0.23419 44.66147
3.78970 0.12696 12.34914
3.81404 0.26748 54.35879
3.83871 0.21398 38.16070
3.86370 0.15951 21.67226
3.88904 0.19637 32.57584
3.91473 0.18863 30.10146
3.94076 0.19897 33.04718
3.96716 0.22942 42.02351
3.99393 0.19370 31.14616
4.02107 0.15385 19.02924
4.04860 0.21000 35.70759
4.07652 0.15493 19.01841
4.10484 0.17966 26.27047
4.13357 0.19537 30.80942
4.16271 0.17600 24.82337
4.19228 0.22137 38.25816
4.22229 0.19354 29.72873
4.25275 0.14733 15.68364
4.28366 0.15179 16.83371
4.31503 0.19670 30.11985
4.34689 0.20001 30.92164
4.37923 0.16105 19.03863
4.41206 0.20604 32.34078
4.44541 0.20981 33.27159
4.47928 0.26147 48.56444
4.51368 0.22229 36.60439
4.54863 0.24047 41.84933
4.58414 0.13397 9.68693
4.62023 0.16509 18.80568
4.65690 0.27409 51.28479
4.69417 0.19352 26.89155
4.73205 0.23738 39.82242
4.77057 0.18445 23.71300
4.80973 0.19178 25.67503
4.84956 0.21130 31.29366
4.89007 0.23747 38.89976
4.93128 0.22482 34.85726
4.97320 0.22625 35.03600
5.01585 0.23886 38.56216
5.05926 0.15893 14.32393
5.10344 0.23454 36.74007
5.14842 0.18526 21.68679
5.19421 0.19245 23.57074
5.24084 0.23120 34.91396
5.28833 0.17972 19.18521
5.33671 0.22923 33.74975
5.38600 0.26192 43.26062
5.43622 0.22874 33.00521
5.48740 0.24955 38.94154
5.53958 0.25488 40.22794
5.59277 0.24621 37.30536
5.64701 0.19549 21.76513
5.70234 0.27232 44.48199
