# sec(z), Tsys/Tatm, Tr, fit
1.06418 0.10659 22.59141 0.12867
1.06486 0.13282 30.45762 0.12868
1.06554 0.08945 17.44033 0.12870
1.06622 0.17719 43.75864 0.12871
1.06691 0.12307 27.51893 0.12873
1.06761 0.14240 33.31554 0.12874
1.06831 0.14432 33.88606 0.12876
1.06901 0.14616 34.43335 0.12877
1.06972 0.05396 6.76892 0.12879
1.07043 0.14962 35.46311 0.12881
1.07114 0.10753 22.83355 0.12882
1.07186 0.19573 49.28898 0.12884
1.07259 0.04111 2.89634 0.12885
1.07332 0.14301 33.46268 0.12887
1.07405 0.09689 19.62319 0.12888
1.07479 0.07481 12.99299 0.12890
1.07553 0.13168 30.05143 0.12892
1.07627 0.16161 39.02673 0.12893
1.07702 0.16012 38.57318 0.12895
1.07778 0.10697 22.62454 0.12897
1.07853 0.21588 55.29338 0.12898
1.07930 0.16965 41.41832 0.12900
1.08006 0.10726 22.69838 0.12902
1.08084 0.12363 27.60380 0.12903
1.08161 0.15845 38.04443 0.12905
1.08239 0.13177 30.03547 0.12907
1.08318 0.11798 25.89426 0.12908
1.08397 0.12659 28.47231 0.12910
1.08476 0.18959 47.36750 0.12912
1.08556 0.13493 30.96418 0.12913
1.08636 0.20938 53.29687 0.12915
1.08717 0.12213 27.11466 0.12917
1.08798 0.05948 8.31469 0.12919
1.08880 0.13754 31.72792 0.12921
1.08962 0.10905 23.17828 0.12922
1.09044 0.12414 27.69986 0.12924
1.09127 0.12312 27.38986 0.12926
1.09211 0.15789 37.81528 0.12928
1.09294 0.15111 35.77569 0.12930
1.09379 0.10426 21.71406 0.12931
1.09464 0.16811 40.86526 0.12933
1.09549 0.19439 48.74502 0.12935
1.09635 0.17925 44.19712 0.12937
1.09721 0.11954 26.27754 0.12939
1.09808 0.15339 36.42961 0.12941
1.09895 0.09975 20.33049 0.12943
1.09982 0.09162 17.88668 0.12945
1.10071 0.11372 24.51139 0.12946
1.10159 0.04623 4.25984 0.12948
1.10248 0.13436 30.69314 0.12950
1.10338 0.13836 31.88793 0.12952
1.10428 0.16193 38.95246 0.12954
1.10518 0.15671 37.38289 0.12956
1.10609 0.15663 37.35199 0.12958
1.10701 0.14187 32.92001 0.12960
1.10793 0.10427 21.63404 0.12962
1.10885 0.18677 46.37899 0.12964
1.10978 0.19311 48.27548 0.12966
1.11072 0.14383 33.48507 0.12968
1.11166 0.16605 40.14433 0.12970
1.11260 0.16275 39.14874 0.12972
1.11355 0.15660 37.29843 0.12974
1.11451 0.08121 14.67505 0.12977
1.11547 0.17647 43.24927 0.12979
1.11643 0.14885 34.95621 0.12981
1.11740 0.08464 15.68668 0.12983
1.11838 0.12975 29.21602 0.12985
1.11936 0.23212 59.91849 0.12987
1.12034 0.10694 22.36024 0.12989
1.12133 0.14156 32.73903 0.12991
1.12233 0.12997 29.25783 0.12994
1.12333 0.11686 25.31857 0.12996
1.12433 0.10531 21.84685 0.12998
1.12534 0.10247 20.98980 0.13000
1.12636 0.18579 45.97903 0.13002
1.12738 0.10377 21.36783 0.13005
1.12841 0.13076 29.45688 0.13007
1.12944 0.14655 34.18908 0.13009
1.13048 0.17744 43.44868 0.13011
1.13152 0.19528 48.79469 0.13014
1.13257 0.11624 25.07783 0.13016
1.13362 0.09480 18.63902 0.13018
1.13468 0.15551 36.84497 0.13020
1.13575 0.18904 46.89744 0.13023
1.13682 0.21148 53.62449 0.13025
1.13789 0.11609 24.99927 0.13027
1.13897 0.13884 31.81792 0.13030
1.14006 0.13827 31.64191 0.13032
1.14115 0.12849 28.70079 0.13035
1.14225 0.18262 44.93145 0.13037
1.14335 0.10948 22.98312 0.13039
1.14446 0.10276 20.95988 0.13042
1.14558 0.16750 40.37537 0.13044
1.14670 0.11061 23.30173 0.13047
1.14782 0.12702 28.21762 0.13049
1.14896 0.08458 15.48099 0.13052
1.15009 0.16518 39.65468 0.13054
1.15124 0.16899 40.78857 0.13057
1.15239 0.11126 23.46425 0.13059
1.15354 0.09920 19.83821 0.13062
1.15470 0.10673 22.09059 0.13064
1.15587 0.15583 36.81257 0.13067
1.15704 0.11537 24.66831 0.13069
1.15822 0.09774 19.37366 0.13072
1.15940 0.17257 41.81580 0.13074
1.16059 0.08217 14.68697 0.13077
1.16179 0.17142 41.45669 0.13079
1.16299 0.18368 45.12577 0.13082
1.16420 0.09638 18.92741 0.13085
1.16541 0.09009 17.03322 0.13087
1.16663 0.16867 40.59972 0.13090
1.16786 0.09246 17.73041 0.13093
1.16909 0.13355 30.04961 0.13095
1.17033 0.18034 44.07984 0.13098
1.17158 0.09784 19.32199 0.13101
1.17283 0.09554 18.62562 0.13104
1.17409 0.09199 17.55140 0.13106
1.17535 0.15443 36.27631 0.13109
1.17662 0.19762 49.22615 0.13112
1.17790 0.12090 26.20373 0.13115
1.17918 0.14832 34.42185 0.13117
1.18047 0.15579 36.65566 0.13120
1.18176 0.10533 21.50980 0.13123
1.18307 0.16597 39.69274 0.13126
1.18437 0.09468 18.29795 0.13129
1.18569 0.13842 31.41322 0.13132
1.18701 0.15084 35.13020 0.13134
1.18834 0.13280 29.70901 0.13137
1.18967 0.17290 41.73154 0.13140
1.19102 0.13678 30.88821 0.13143
1.19236 0.11731 25.03956 0.13146
1.19372 0.20664 51.82879 0.13149
1.19508 0.05462 6.21652 0.13152
1.19645 0.14125 32.19684 0.13155
1.19782 0.09900 19.51419 0.13158
1.19920 0.13757 31.07726 0.13161
1.20059 0.10671 21.81060 0.13164
1.20199 0.17699 42.88407 0.13167
1.20339 0.12252 26.53491 0.13170
1.20480 0.18620 45.63192 0.13173
1.20622 0.11042 22.88830 0.13176
1.20764 0.14915 34.49949 0.13179
1.20907 0.18599 45.54239 0.13182
1.21051 0.13255 29.50305 0.13186
1.21195 0.10522 21.29438 0.13189
1.21341 0.16798 40.11458 0.13192
1.21487 0.15193 35.29001 0.13195
1.21633 0.15596 36.49150 0.13198
1.21781 0.15383 35.84260 0.13201
1.21929 0.13231 29.37847 0.13205
1.22077 0.11999 25.67314 0.13208
1.22227 0.13921 31.42923 0.13211
1.22377 0.14337 32.66946 0.13214
1.22528 0.13739 30.86533 0.13218
1.22680 0.15636 36.54644 0.13221
1.22833 0.09627 18.50957 0.13224
1.22986 0.08487 15.08077 0.13228
1.23140 0.19875 49.23631 0.13231
1.23295 0.15398 35.79536 0.13234
1.23450 0.10585 21.34921 0.13238
1.23607 0.12548 27.22829 0.13241
1.23764 0.18838 46.08948 0.13245
1.23922 0.12938 28.37945 0.13248
1.24081 0.11999 25.55363 0.13252
1.24240 0.12443 26.87514 0.13255
1.24400 0.13748 30.78043 0.13259
1.24561 0.15920 37.28645 0.13262
1.24723 0.14801 33.92059 0.13266
1.24886 0.09158 16.98208 0.13269
1.25049 0.15656 36.46493 0.13273
1.25214 0.18737 45.69879 0.13276
1.25379 0.15372 35.59464 0.13280
1.25545 0.16169 37.97397 0.13283
1.25711 0.13679 30.49443 0.13287
1.25879 0.14515 32.99179 0.13291
1.26047 0.07810 12.86581 0.13294
1.26216 0.14653 33.38517 0.13298
1.26387 0.09866 19.01375 0.13302
1.26557 0.09915 19.15201 0.13305
1.26729 0.11951 25.25042 0.13309
1.26902 0.12374 26.50857 0.13313
1.27075 0.08589 15.14288 0.13317
1.27250 0.12374 26.48602 0.13321
1.27425 0.11298 23.24793 0.13324
1.27601 0.16712 39.47868 0.13328
1.27778 0.10704 21.44446 0.13332
1.27956 0.12034 25.42437 0.13336
1.28134 0.10825 21.78732 0.13340
1.28314 0.12058 25.47564 0.13344
1.28495 0.09349 17.33825 0.13348
1.28676 0.14112 31.61676 0.13352
1.28858 0.14693 33.34638 0.13356
1.29042 0.12971 28.17071 0.13360
1.29226 0.20168 49.75049 0.13364
1.29411 0.12593 27.01346 0.13368
1.29597 0.16536 38.83181 0.13372
1.29784 0.07974 13.13474 0.13376
1.29971 0.12665 27.19599 0.13380
1.30160 0.10380 20.32925 0.13384
1.30350 0.12109 25.50667 0.13388
1.30541 0.14342 32.19427 0.13392
1.30732 0.11533 23.75415 0.13396
1.30925 0.12200 25.74324 0.13401
1.31119 0.10400 20.33175 0.13405
1.31313 0.15763 36.40928 0.13409
1.31509 0.01156 -7.42222 0.13413
1.31705 0.08717 15.24732 0.13418
1.31903 0.21703 54.19602 0.13422
1.32101 0.13704 30.18707 0.13426
1.32301 0.18365 44.15824 0.13431
1.32501 0.12521 26.61185 0.13435
1.32703 0.09091 16.31011 0.13439
1.32905 0.20389 50.19328 0.13444
1.33109 0.18062 43.20007 0.13448
1.33314 0.16752 39.25839 0.13453
1.33519 0.13628 29.87371 0.13457
1.33726 0.11357 23.04724 0.13462
1.33934 0.17482 41.40970 0.13466
1.34142 0.07619 11.80768 0.13471
1.34352 0.17327 40.91855 0.13475
1.34563 0.17703 42.03543 0.13480
1.34775 0.17805 42.32877 0.13484
1.34988 0.09817 18.35077 0.13489
1.35203 0.15966 36.78574 0.13494
1.35418 0.14833 33.37533 0.13498
1.35634 0.16759 39.13815 0.13503
1.35852 0.12956 27.71621 0.13508
1.36070 0.12782 27.18184 0.13513
1.36290 0.14427 32.10310 0.13517
1.36511 0.16451 38.16111 0.13522
1.36733 0.07998 12.78885 0.13527
1.36956 0.12256 25.55106 0.13532
1.37180 0.11396 22.95856 0.13537
1.37406 0.16834 39.25886 0.13542
1.37632 0.12609 26.56855 0.13547
1.37860 0.04853 3.28788 0.13552
1.38089 0.16328 37.69904 0.13557
1.38319 0.10035 18.80673 0.13562
1.38550 0.10217 19.33858 0.13567
1.38783 0.17261 40.45690 0.13572
1.39016 0.16588 38.42363 0.13577
1.39251 0.13494 29.12740 0.13582
1.39487 0.10049 18.77645 0.13587
1.39725 0.07932 12.41146 0.13592
1.39963 0.09998 18.59608 0.13597
1.40203 0.15261 34.37003 0.13603
1.40444 0.15181 34.11669 0.13608
1.40687 0.14632 32.45510 0.13613
1.40930 0.12271 25.35768 0.13618
1.41175 0.09624 17.40156 0.13624
1.41421 0.12307 25.43471 0.13629
1.41669 0.10407 19.71962 0.13635
1.41918 0.13286 28.34431 0.13640
1.42168 0.17609 41.29698 0.13645
1.42419 0.05632 5.35035 0.13651
1.42672 0.14552 32.09627 0.13656
1.42926 0.12761 26.70835 0.13662
1.43181 0.08150 12.85872 0.13668
1.43438 0.11668 23.39799 0.13673
1.43696 0.12306 25.29578 0.13679
1.43956 0.12567 26.06353 0.13684
1.44217 0.10981 21.28951 0.13690
1.44479 0.11009 21.35933 0.13696
1.44742 0.15792 35.69100 0.13701
1.45007 0.14767 32.60112 0.13707
1.45274 0.20305 49.19878 0.13713
1.45542 0.13689 29.33493 0.13719
1.45811 0.16094 36.53481 0.13725
1.46082 0.16848 38.77945 0.13731
1.46354 0.20818 50.67140 0.13737
1.46628 0.18332 43.19852 0.13743
1.46903 0.15526 34.76352 0.13749
1.47180 0.22868 56.77421 0.13755
1.47458 0.18268 42.95538 0.13761
1.47738 0.13287 27.99613 0.13767
1.48019 0.13072 27.33609 0.13773
1.48301 0.14385 31.25602 0.13779
1.48586 0.17677 41.11576 0.13785
1.48871 0.13703 29.17526 0.13791
1.49159 0.10666 20.04858 0.13798
1.49448 0.13774 29.35397 0.13804
1.49738 0.19458 46.39084 0.13810
1.50030 0.19461 46.38065 0.13817
1.50324 0.11965 23.87476 0.13823
1.50619 0.11458 22.33810 0.13829
1.50916 0.10056 18.11257 0.13836
1.51215 0.08937 14.73792 0.13842
1.51515 0.10402 19.11625 0.13849
1.51817 0.15460 34.27044 0.13856
1.52120 0.11396 22.06058 0.13862
1.52425 0.21227 51.53612 0.13869
1.52732 0.11432 22.13256 0.13875
1.53041 0.12412 25.05386 0.13882
1.53351 0.08785 14.15447 0.13889
1.53663 0.11514 22.32300 0.13896
1.53977 0.16424 37.03421 0.13903
1.54292 0.06655 7.70686 0.13909
1.54610 0.14430 31.01473 0.13916
1.54929 0.10326 18.68169 0.13923
1.55250 0.08404 12.89557 0.13930
1.55572 0.11516 22.21245 0.13937
1.55897 0.09642 16.57201 0.13944
1.56223 0.10348 18.67112 0.13952
1.56551 0.12108 23.93006 0.13959
1.56881 0.09666 16.58595 0.13966
1.57213 0.14920 32.32781 0.13973
1.57547 0.19231 45.23981 0.13980
1.57883 0.13662 28.51159 0.13988
1.58221 0.18567 43.20792 0.13995
1.58560 0.20486 48.94452 0.14002
1.58902 0.16422 36.73324 0.14010
1.59245 0.18991 44.41738 0.14017
1.59590 0.15534 34.02606 0.14025
1.59938 0.13301 27.30660 0.14032
1.60287 0.08449 12.73067 0.14040
1.60639 0.11457 21.73238 0.14048
1.60992 0.09856 16.90940 0.14055
1.61348 0.16454 36.68001 0.14063
1.61705 0.16019 35.35451 0.14071
1.62065 0.15157 32.74649 0.14079
1.62427 0.08299 12.15027 0.14087
1.62791 0.17738 40.44802 0.14095
1.63157 0.13267 27.01055 0.14103
1.63525 0.18491 42.66203 0.14111
1.63895 0.11095 20.45007 0.14119
1.64268 0.18969 44.05001 0.14127
1.64643 0.15422 33.38807 0.14135
1.65020 0.13773 28.41832 0.14143
1.65399 0.18460 42.45715 0.14151
1.65780 0.18831 43.54767 0.14160
1.66164 0.15343 33.05876 0.14168
1.66550 0.10137 17.41856 0.14176
1.66938 0.09971 16.89753 0.14185
1.67329 0.12851 25.51394 0.14193
1.67722 0.14937 31.74910 0.14202
1.68117 0.13633 27.81130 0.14211
1.68515 0.19206 44.50750 0.14219
1.68915 0.13296 26.75425 0.14228
1.69318 0.10354 17.90421 0.14237
1.69723 0.13788 28.17941 0.14245
1.70130 0.14777 31.12261 0.14254
1.70540 0.14784 31.11832 0.14263
1.70953 0.12084 22.99624 0.14272
1.71368 0.14598 30.51337 0.14281
1.71785 0.11585 21.44734 0.14290
1.72205 0.10860 19.24661 0.14300
1.72628 0.17014 37.68401 0.14309
1.73053 0.16961 37.49923 0.14318
1.73481 0.14573 30.31037 0.14327
1.73911 0.13636 27.47322 0.14337
1.74345 0.12962 25.42603 0.14346
1.74781 0.17993 40.49256 0.14356
1.75219 0.15110 31.81548 0.14365
1.75661 0.09201 14.06405 0.14375
1.76105 0.13544 27.06592 0.14384
1.76552 0.10057 16.57723 0.14394
1.77001 0.11182 19.92591 0.14404
1.77454 0.10922 19.11796 0.14414
1.77910 0.15976 34.25428 0.14424
1.78368 0.16492 35.77253 0.14434
1.78829 0.16664 36.26295 0.14444
1.79293 0.16963 37.13040 0.14454
1.79761 0.10607 18.03477 0.14464
1.80231 0.12442 23.51304 0.14474
1.80704 0.12334 23.16104 0.14485
1.81180 0.14896 30.81703 0.14495
1.81659 0.15753 33.35947 0.14505
1.82142 0.19064 43.26262 0.14516
1.82627 0.15291 31.91398 0.14527
1.83116 0.15434 32.31433 0.14537
1.83608 0.21541 50.60695 0.14548
1.84103 0.19528 44.53744 0.14559
1.84601 0.11851 21.47738 0.14569
1.85103 0.14515 29.43757 0.14580
1.85608 0.13052 25.01947 0.14591
1.86116 0.13173 25.35090 0.14602
1.86627 0.15456 32.16921 0.14614
1.87142 0.14637 29.68124 0.14625
1.87661 0.14006 27.75737 0.14636
1.88183 0.14970 30.61775 0.14647
1.88708 0.09792 15.05330 0.14659
1.89237 0.10915 18.39053 0.14670
1.89769 0.17416 37.86198 0.14682
1.90305 0.22359 52.65752 0.14694
1.90845 0.16780 35.88870 0.14705
1.91388 0.17117 36.86655 0.14717
1.91935 0.14798 29.87931 0.14729
1.92486 0.16253 34.20983 0.14741
1.93040 0.14448 28.76065 0.14753
1.93598 0.15201 30.98849 0.14765
1.94160 0.11926 21.12812 0.14778
1.94726 0.16722 35.48341 0.14790
1.95296 0.16964 36.17276 0.14802
1.95870 0.18024 39.31846 0.14815
1.96448 0.16311 34.14673 0.14827
1.97029 0.17088 36.44365 0.14840
1.97615 0.10602 16.94870 0.14853
1.98205 0.16086 33.36496 0.14866
1.98799 0.10863 17.66039 0.14879
1.99398 0.10894 17.71784 0.14892
2.00000 0.13481 25.44343 0.14905
2.00607 0.17694 38.04659 0.14918
2.01218 0.13003 23.93662 0.14931
2.01833 0.17312 36.82457 0.14945
2.02453 0.11676 19.88049 0.14958
2.03077 0.06141 3.23736 0.14972
2.03706 0.17890 38.44687 0.14986
2.04339 0.11752 19.99493 0.14999
2.04977 0.13781 26.04331 0.15013
2.05619 0.10455 16.02705 0.15027
2.06267 0.13607 25.44557 0.15041
2.06918 0.09548 13.22847 0.15055
2.07575 0.09441 12.86916 0.15070
2.08236 0.11318 18.46018 0.15084
2.08903 0.10704 16.57746 0.15099
2.09574 0.07941 8.24945 0.15113
2.10250 0.15538 30.99933 0.15128
2.10931 0.13114 23.68526 0.15143
2.11617 0.09654 13.26623 0.15158
2.12309 0.21690 49.33288 0.15173
2.13005 0.18804 40.63078 0.15188
2.13707 0.12806 22.59430 0.15203
2.14414 0.17959 38.01182 0.15219
2.15127 0.17943 37.92016 0.15234
2.15845 0.15399 30.24637 0.15250
2.16568 0.17131 35.40003 0.15266
2.17297 0.09295 11.84769 0.15281
2.18031 0.08685 9.97203 0.15297
2.18772 0.14904 28.58675 0.15314
2.19517 0.13907 25.55115 0.15330
2.20269 0.13720 24.94403 0.15346
2.21026 0.11891 19.41066 0.15363
2.21790 0.15236 29.40144 0.15379
2.22559 0.20399 44.84262 0.15396
2.23334 0.18040 37.71894 0.15413
2.24116 0.09146 10.99123 0.15430
2.24903 0.17957 37.37707 0.15447
2.25697 0.20745 45.69377 0.15464
2.26498 0.15422 29.67675 0.15482
2.27304 0.16165 31.85779 0.15499
2.28117 0.16880 33.95402 0.15517
2.28937 0.12743 21.49168 0.15535
2.29763 0.15201 28.81835 0.15553
2.30596 0.10506 14.68226 0.15571
2.31436 0.10948 15.95929 0.15589
2.32282 0.08848 9.60749 0.15608
2.33135 0.12345 20.04559 0.15626
2.33996 0.18066 37.15880 0.15645
2.34863 0.19094 40.18898 0.15664
2.35738 0.14237 25.56728 0.15683
2.36620 0.17954 36.66344 0.15702
2.37509 0.24861 57.33195 0.15722
2.38406 0.10763 14.98333 0.15741
2.39311 0.16470 32.05239 0.15761
2.40222 0.14361 25.66824 0.15781
2.41142 0.11321 16.49386 0.15801
2.42070 0.20110 42.80569 0.15821
2.43005 0.16304 31.33289 0.15841
2.43948 0.17802 35.76806 0.15862
2.44900 0.16540 31.92684 0.15883
2.45859 0.17487 34.71063 0.15903
2.46827 0.19210 39.81962 0.15925
2.47804 0.19098 39.42437 0.15946
2.48789 0.19195 39.65877 0.15967
2.49782 0.17628 34.89772 0.15989
2.50784 0.14168 24.45735 0.16011
2.51795 0.12373 19.01052 0.16033
2.52815 0.17583 34.57924 0.16055
2.53845 0.12621 19.63101 0.16077
2.54883 0.08744 7.93807 0.16100
2.55930 0.16333 30.64291 0.16123
2.56988 0.12213 18.21906 0.16146
2.58054 0.18274 36.33757 0.16169
2.59130 0.15983 29.40154 0.16192
2.60217 0.18355 36.45066 0.16216
2.61313 0.19747 40.56252 0.16240
2.62419 0.09075 8.48030 0.16264
2.63535 0.16014 29.22953 0.16288
2.64662 0.15581 27.86184 0.16313
2.65799 0.05083 -3.69990 0.16338
2.66947 0.17394 33.16421 0.16363
2.68105 0.18809 37.34162 0.16388
2.69275 0.10124 11.21618 0.16413
2.70455 0.08632 6.66723 0.16439
2.71647 0.16390 29.87041 0.16465
2.72850 0.17694 33.70987 0.16491
2.74065 0.16465 29.95139 0.16518
2.75292 0.15707 27.60287 0.16544
2.76530 0.18217 35.05825 0.16571
2.77780 0.15563 27.02168 0.16599
2.79043 0.12732 18.45394 0.16626
2.80318 0.13234 19.88335 0.16654
2.81605 0.14498 23.59715 0.16682
2.82906 0.19218 37.68039 0.16710
2.84219 0.17365 32.04125 0.16739
2.85545 0.16647 29.80829 0.16768
2.86885 0.21138 43.20231 0.16797
2.88238 0.16260 28.48458 0.16826
2.89605 0.13606 20.44048 0.16856
2.90986 0.16718 29.69407 0.16886
2.92380 0.24087 51.71834 0.16917
2.93790 0.16988 30.33534 0.16947
2.95213 0.15749 26.53398 0.16978
2.96652 0.18080 33.44160 0.17010
2.98106 0.18151 33.56779 0.17041
2.99574 0.21160 42.50692 0.17073
3.01059 0.19278 36.76938 0.17106
3.02559 0.16796 29.23311 0.17138
3.04075 0.13305 18.67172 0.17171
3.05607 0.17549 31.30947 0.17205
3.07155 0.16558 28.24579 0.17238
3.08721 0.17249 30.22262 0.17272
3.10303 0.16416 27.62875 0.17307
3.11903 0.14940 23.10730 0.17342
3.13520 0.16565 27.88440 0.17377
3.15155 0.18657 34.06292 0.17412
3.16808 0.16937 28.80371 0.17448
3.18479 0.20008 37.91530 0.17485
3.20169 0.17876 31.41788 0.17522
3.21878 0.15584 24.43899 0.17559
3.23607 0.20825 40.05834 0.17597
3.25355 0.19831 36.97308 0.17635
3.27123 0.22304 44.28400 0.17673
3.28912 0.17734 30.46597 0.17712
3.30721 0.19113 34.49661 0.17751
3.32551 0.17309 28.97409 0.17791
3.34403 0.09265 4.73170 0.17832
3.36276 0.15619 23.68103 0.17872
3.38171 0.14167 19.21214 0.17914
3.40089 0.18302 31.50140 0.17955
3.42030 0.15289 22.34605 0.17998
3.43995 0.15619 23.21830 0.18041
3.45983 0.18839 32.75738 0.18084
3.47995 0.20043 36.25032 0.18128
3.50032 0.11394 10.18006 0.18172
3.52094 0.21770 41.18491 0.18217
3.54181 0.13618 16.60424 0.18262
3.56294 0.22632 43.51901 0.18308
3.58434 0.21002 38.50082 0.18355
3.60601 0.20378 36.49728 0.18402
3.62796 0.17425 27.50706 0.18450
3.65018 0.18377 30.23018 0.18498
3.67269 0.19216 32.61337 0.18547
3.69549 0.13479 15.26390 0.18597
3.71858 0.17836 28.19528 0.18647
3.74198 0.18204 29.15867 0.18698
3.76568 0.23384 44.55780 0.18750
3.78970 0.18522 29.82660 0.18802
3.81404 0.19802 33.52314 0.18855
3.83871 0.23802 45.37415 0.18909
3.86370 0.19172 31.33522 0.18963
3.88904 0.20680 35.70570 0.19019
3.91473 0.17640 26.43186 0.19074
3.94076 0.19818 32.81086 0.19131
3.96716 0.14337 16.20893 0.19189
3.99393 0.17407 25.25689 0.19247
4.02107 0.19273 30.69165 0.19306
4.04860 0.20957 35.57930 0.19366
4.07652 0.18008 26.56503 0.19427
4.10484 0.25520 48.93168 0.19488
4.13357 0.24159 44.67669 0.19551
4.16271 0.18484 27.47682 0.19614
4.19228 0.16333 20.84397 0.19679
4.22229 0.14348 14.70945 0.19744
4.25275 0.23562 42.17050 0.19811
4.28366 0.22207 37.91902 0.19878
4.31503 0.21233 34.80800 0.19946
4.34689 0.14343 13.94816 0.20016
4.37923 0.20921 33.48801 0.20086
4.41206 0.16635 20.43291 0.20157
4.44541 0.16388 19.49193 0.20230
4.47928 0.17452 22.48043 0.20304
4.51368 0.24202 42.52427 0.20379
4.54863 0.19606 28.52762 0.20455
4.58414 0.16687 19.55472 0.20532
4.62023 0.22679 37.31561 0.20611
4.65690 0.20118 29.41297 0.20691
4.69417 0.15612 15.66995 0.20772
4.73205 0.17477 21.03818 0.20854
4.77057 0.16223 17.04582 0.20938
4.80973 0.19582 26.88908 0.21023
4.84956 0.18332 22.89785 0.21110
4.89007 0.21561 32.34150 0.21198
4.93128 0.25404 43.62400 0.21288
4.97320 0.19467 25.56074 0.21379
5.01585 0.26956 47.77276 0.21472
5.05926 0.13957 8.51675 0.21567
5.10344 0.21205 29.99584 0.21663
5.14842 0.16156 14.57862 0.21761
5.19421 0.21362 29.91941 0.21861
5.24084 0.18938 22.36894 0.21962
5.28833 0.20852 27.82678 0.22066
5.33671 0.24879 39.61718 0.22171
5.38600 0.22908 33.40783 0.22278
5.43622 0.23888 36.04662 0.22388
5.48740 0.18250 18.82525 0.22499
5.53958 0.21777 29.09317 0.22613
5.59277 0.19460 21.82308 0.22729
5.64701 0.20030 23.20645 0.22847
5.70234 0.23518 33.33859 0.22967
